# image_width: 1440
# image_height: 1080
# camera_name: narrow_stereo
# camera_matrix:
#   rows: 3
#   cols: 3
#   data: [1783.49379971626, 0, 0, 0, 1784.03139363607, 0, 754.785046932340, 543.328533825044, 1]
# distortion_model: plumb_bob
# distortion_coefficients:
#   rows: 1
#   cols: 5
#   data: [-0.0818689592616639, 0.110790743496430, 0.0000, 0.0000, 0.00000]

# rectification_matrix:
#   rows: 3
#   cols: 3
#   data: [1.000000, 0.000000, 0.000000, 0.000000, 1.000000, 0.000000, 0.000000, 0.000000, 1.000000]
# projection_matrix:
#   rows: 3
#   cols: 4
#   data: [1337.148438, 0.000000, 605.640265, 0.000000, 0.000000, 1333.494019, 444.618912, 0.000000, 0.000000, 0.000000, 1.000000, 0.000000]


image_width: 1280
image_height: 1024
camera_name: galaxy_camera
#内参矩阵
camera_matrix:
  rows: 3
  cols: 3
  data: [957.669211, 0.000000, 345.943891, 0.000000, 969.127115, 284.057302, 0.000000, 0.000000, 1.000000]
#畸变模型，常见plumb_bob和rational_polynomial
distortion_model: plumb_bob
#畸变系数，包含径向和切向畸变系数
distortion_coefficients:
  rows: 1
  cols: 5
  data: [-0.405274, 0.126058, -0.026939, -0.006503, 0.000000]
#校正矩阵，用于将图像中的点映射到平面上，消除视差
rectification_matrix:
  rows: 3
  cols: 3
  data: [1.000000, 0.000000, 0.000000, 0.000000, 1.000000, 0.000000, 0.000000, 0.000000, 1.000000]
#投影矩阵，将3D空间中的点投影到2D图像平面上，包含相机内参和外参信息。
projection_matrix:
  rows: 3
  cols: 4
  data: [912.289368, 0.000000, 345.606483, 0.000000, 0.000000, 947.336365, 280.620490, 0.000000, 0.000000, 0.000000, 1.000000, 0.000000]
